,fl_id,nd_id,ca_id,has_profile,is_chp,erg_inp,vc_fl,erg_chp
0,0,2,0,0,1,107964248.539,86381400.0,102891068.0
1,1,2,0,0,1,143496528.328,137492000.0,138922660.0
2,13,2,0,0,1,6208011.0,5700000.0,5846000.0
3,2,2,0,0,1,59924643.072,83076000.0,78505854.0
4,3,2,0,0,0,86738063.895,71725500.0,79979130.0
5,7,2,0,0,0,11536853.0,12000000.0,11860000.0
6,15,2,0,0,0,44573000.0,45486000.0,44996000.0
7,18,2,0,0,0,0.0,0.0,0.0
8,0,3,0,0,1,8600000.0,9700000.0,7300000.0
9,13,3,0,0,1,3800000.0,3800000.0,2600000.0
10,2,3,0,0,1,21900000.0,0.0,35400000.0
11,3,3,0,0,0,416795000.0,0.0,384008000.0
12,7,3,0,0,0,4244000.0,,4579000.0
13,15,3,0,0,0,7964700.0,9082200.0,8725000.0
14,18,3,0,0,0,0.0,0.0,0.0
15,0,0,0,0,1,2733327.32219013,0.0,1866976.27548744
16,1,0,0,0,1,0.0,0.0,0.0
17,13,0,0,0,1,832452.631038575,0.0,959214.233950224
18,2,0,0,0,1,9547025.75804254,0.0,10163030.1610543
19,3,0,0,0,0,0.0,0.0,0.0
20,7,0,0,0,0,1069365.737,0.0,1204552.796104
21,15,0,0,0,0,4120629.61611272,0.0,4332655.32154118
22,18,0,0,0,0,0.0,0.0,0.0
23,0,4,0,0,1,39315500.0,0.0,32385900.0
24,1,4,0,0,1,0.0,0.0,0.0
25,13,4,0,0,1,12721100.0,0.0,11631400.0
26,2,4,0,0,1,110230100.0,0.0,125950700.0
27,3,4,0,0,0,0.0,0.0,0.0
28,7,4,0,0,0,2439800.0,,2440600.0
29,15,4,0,0,0,18175800.0,0.0,18288300.0
30,18,4,0,0,0,0.0,0.0,0.0
31,13,1,0,0,1,32397.4438372378,,30372.603597412
32,2,1,0,0,1,597103.015537059,,815849.298008017
33,3,1,0,0,0,22095000.0,,20235000.0
34,7,1,0,0,0,2184173.5,,2318940.5
35,15,1,0,0,0,213607.48,,226634.0
36,18,1,0,0,0,0.0,0.0,0.0
37,4,2,0,0,0,8284000.0,17947000.0,12274000.0
38,5,2,0,0,0,72340000.0,88667000.0,67650000.0
39,8,2,0,0,0,38726000.0,39895000.0,38098000.0
40,11,2,0,0,0,5921000.0,8100000.0,5588358.53
41,12,2,0,0,0,987626.253706065,1025244.99694811,1069272.52636936
42,10,2,0,0,0,17989532.6262939,18674755.0030519,19476712.9036306
43,5,4,0,0,0,14843900.0,,17688700.0
44,6,4,0,0,0,6185000.0,0.0,6288600.0
45,8,4,0,0,0,22942200.0,0.0,22104300.0
46,11,4,0,0,0,1432100.0,0.0,1824300.0
47,12,4,0,0,0,24618600.0,0.0,22585100.0
48,10,4,0,0,0,20918800.0,0.0,19847600.0
49,4,1,0,0,0,0.0,0.0,0.0
50,5,1,0,0,0,110030.0,,108600.0
51,8,1,0,0,0,1118550.0,,1333430.0
52,11,1,0,0,0,1722000.0,,2191500.0
53,12,1,0,0,0,21169000.0,,17560500.0
54,10,1,0,0,0,16595000.0,,16574000.0
55,5,0,0,0,0,4840320.68493782,0.0,5235242.16914244
56,8,0,0,0,0,937098.0,0.0,1096016.0
57,11,0,0,0,0,3847637.85807439,0.0,3758916.0086753
58,12,0,0,0,0,9350141.44592561,0.0,9332923.1078047
59,10,0,0,0,0,26717190.678,0.0,29268303.921
60,4,3,0,0,0,0.0,0.0,0.0
61,5,3,0,0,0,21249000.0,0.0,21400000.0
62,8,3,0,0,0,7262000.0,0.0,8160000.0
63,11,3,0,0,0,4896000.0,0.0,4787000.0
64,12,3,0,0,0,16337343.5789703,,17695760.2949491
65,10,3,0,0,0,42336656.4210297,,46398239.7050509
