,nd_id,nd_2_id,ca_id,mt_id,eff,cap_trm_leg
0,0,2,0,0,0.99,4081.0
1,2,0,0,0,0.99,4081.0
2,0,2,0,1,0.99,4081.0
3,2,0,0,1,0.99,4081.0
4,0,2,0,2,0.99,4081.0
5,2,0,0,2,0.99,4081.0
6,0,2,0,3,0.99,4081.0
7,2,0,0,3,0.99,4081.0
8,0,2,0,4,0.99,4081.0
9,2,0,0,4,0.99,4081.0
10,0,2,0,5,0.99,4081.0
11,2,0,0,5,0.99,4081.0
12,0,2,0,6,0.99,4081.0
13,2,0,0,6,0.99,4081.0
14,0,2,0,7,0.99,4081.0
15,2,0,0,7,0.99,4081.0
16,0,2,0,8,0.99,4081.0
17,2,0,0,8,0.99,4081.0
18,0,2,0,9,0.99,4081.0
19,2,0,0,9,0.99,4081.0
20,0,2,0,10,0.99,4081.0
21,2,0,0,10,0.99,4081.0
22,0,2,0,11,0.99,4081.0
23,2,0,0,11,0.99,4081.0
24,4,0,0,0,0.99,100.0
25,0,4,0,0,0.99,310.0
26,4,0,0,1,0.99,100.0
27,0,4,0,1,0.99,310.0
28,4,0,0,2,0.99,100.0
29,0,4,0,2,0.99,310.0
30,4,0,0,3,0.99,100.0
31,0,4,0,3,0.99,270.0
32,0,4,0,4,0.99,270.0
33,4,0,0,4,0.99,100.0
34,4,0,0,5,0.99,100.0
35,0,4,0,5,0.99,270.0
36,0,4,0,6,0.99,155.0
37,4,0,0,6,0.99,80.0
38,4,0,0,7,0.99,80.0
39,0,4,0,7,0.99,155.0
40,4,0,0,8,0.99,80.0
41,0,4,0,8,0.99,155.0
42,4,0,0,9,0.99,100.0
43,0,4,0,9,0.99,302.0
44,0,4,0,10,0.99,302.0
45,4,0,0,10,0.99,100.0
46,0,4,0,11,0.99,302.0
47,4,0,0,11,0.99,100.0
48,2,3,0,0,0.99,2550.0
49,2,3,0,1,0.99,2550.0
50,2,3,0,2,0.99,2550.0
51,2,3,0,3,0.99,1900.0
52,2,3,0,4,0.99,1900.0
53,2,3,0,5,0.99,1900.0
54,2,3,0,6,0.99,1200.0
55,2,3,0,7,0.99,1200.0
56,2,3,0,8,0.99,1200.0
57,2,3,0,9,0.99,1200.0
58,2,3,0,10,0.99,1200.0
59,2,3,0,11,0.99,1200.0
60,3,4,0,0,0.99,3150.0
61,3,4,0,1,0.99,3150.0
62,3,4,0,2,0.99,3150.0
63,3,4,0,3,0.99,2700.0
64,3,4,0,4,0.99,2700.0
65,3,4,0,5,0.99,2700.0
66,3,4,0,6,0.99,2400.0
67,3,4,0,7,0.99,2400.0
68,3,4,0,8,0.99,2400.0
69,3,4,0,9,0.99,3150.0
70,3,4,0,10,0.99,3150.0
71,3,4,0,11,0.99,3150.0
72,3,2,0,0,0.99,2500.0
73,3,2,0,1,0.99,2500.0
74,3,2,0,2,0.99,2500.0
75,3,2,0,3,0.99,2500.0
76,3,2,0,4,0.99,2500.0
77,3,2,0,5,0.99,2500.0
78,3,2,0,6,0.99,1400.0
79,3,2,0,7,0.99,1400.0
80,3,2,0,8,0.99,1400.0
81,3,2,0,9,0.99,3000.0
82,3,2,0,10,0.99,3000.0
83,3,2,0,11,0.99,3000.0
84,4,3,0,0,0.99,995.0
85,4,3,0,1,0.99,995.0
86,4,3,0,2,0.99,995.0
87,4,3,0,3,0.99,995.0
88,4,3,0,4,0.99,995.0
89,4,3,0,5,0.99,995.0
90,4,3,0,6,0.99,870.0
91,4,3,0,7,0.99,870.0
92,4,3,0,8,0.99,870.0
93,4,3,0,9,0.99,995.0
94,4,3,0,10,0.99,995.0
95,4,3,0,11,0.99,995.0
96,1,0,0,0,0.99,1200.0
97,1,2,0,0,0.99,4000.0
98,1,3,0,0,0.99,1100.0
99,1,4,0,0,0.99,3988.0
100,0,1,0,0,0.99,769.0
101,2,1,0,0,0.99,1302.0
102,3,1,0,0,0.99,3200.0
103,4,1,0,0,0.99,1810.0
104,1,0,0,1,0.99,1200.0
105,1,2,0,1,0.99,4000.0
106,1,3,0,1,0.99,1100.0
107,1,4,0,1,0.99,3988.0
108,0,1,0,1,0.99,769.0
109,2,1,0,1,0.99,1302.0
110,3,1,0,1,0.99,3200.0
111,4,1,0,1,0.99,1810.0
112,1,0,0,2,0.99,1200.0
113,1,2,0,2,0.99,4000.0
114,1,3,0,2,0.99,1100.0
115,1,4,0,2,0.99,3988.0
116,0,1,0,2,0.99,769.0
117,2,1,0,2,0.99,1302.0
118,3,1,0,2,0.99,3200.0
119,4,1,0,2,0.99,1810.0
120,1,0,0,3,0.99,1200.0
121,1,2,0,3,0.99,4000.0
122,1,3,0,3,0.99,1200.0
123,1,4,0,3,0.99,2744.0
124,0,1,0,3,0.99,804.0
125,2,1,0,3,0.99,1562.0
126,3,1,0,3,0.99,3000.0
127,4,1,0,3,0.99,1660.0
128,1,0,0,4,0.99,1200.0
129,1,2,0,4,0.99,4000.0
130,1,3,0,4,0.99,1200.0
131,1,4,0,4,0.99,2744.0
132,0,1,0,4,0.99,804.0
133,2,1,0,4,0.99,1562.0
134,3,1,0,4,0.99,3000.0
135,4,1,0,4,0.99,1660.0
136,1,0,0,5,0.99,1200.0
137,1,2,0,5,0.99,4000.0
138,1,3,0,5,0.99,1200.0
139,1,4,0,5,0.99,2744.0
140,0,1,0,5,0.99,804.0
141,2,1,0,5,0.99,1562.0
142,3,1,0,5,0.99,3000.0
143,4,1,0,5,0.99,1660.0
144,1,0,0,6,0.99,1200.0
145,1,2,0,6,0.99,4000.0
146,1,3,0,6,0.99,1100.0
147,1,4,0,6,0.99,2427.0
148,0,1,0,6,0.99,850.0
149,2,1,0,6,0.99,1750.0
150,3,1,0,6,0.99,3000.0
151,4,1,0,6,0.99,1440.0
152,1,0,0,7,0.99,1200.0
153,1,2,0,7,0.99,4000.0
154,1,3,0,7,0.99,1100.0
155,1,4,0,7,0.99,2427.0
156,0,1,0,7,0.99,850.0
157,2,1,0,7,0.99,1750.0
158,3,1,0,7,0.99,3000.0
159,4,1,0,7,0.99,1440.0
160,1,0,0,8,0.99,1200.0
161,1,2,0,8,0.99,4000.0
162,1,3,0,8,0.99,1100.0
163,1,4,0,8,0.99,2427.0
164,0,1,0,8,0.99,850.0
165,2,1,0,8,0.99,1750.0
166,3,1,0,8,0.99,3000.0
167,4,1,0,8,0.99,1440.0
168,1,0,0,9,0.99,1200.0
169,1,2,0,9,0.99,4000.0
170,1,3,0,9,0.99,1100.0
171,1,4,0,9,0.99,3399.0
172,0,1,0,9,0.99,800.0
173,2,1,0,9,0.99,1399.0
174,3,1,0,9,0.99,3200.0
175,4,1,0,9,0.99,1810.0
176,1,0,0,10,0.99,1200.0
177,1,2,0,10,0.99,4000.0
178,1,3,0,10,0.99,1100.0
179,1,4,0,10,0.99,3399.0
180,0,1,0,10,0.99,800.0
181,2,1,0,10,0.99,1399.0
182,3,1,0,10,0.99,3200.0
183,4,1,0,10,0.99,1810.0
184,1,0,0,11,0.99,1200.0
185,1,2,0,11,0.99,4000.0
186,1,3,0,11,0.99,1100.0
187,1,4,0,11,0.99,3399.0
188,0,1,0,11,0.99,800.0
189,2,1,0,11,0.99,1399.0
190,3,1,0,11,0.99,3200.0
191,4,1,0,11,0.99,1810.0
